(
GH10_03_3789863_192950:0.35433,
GH10_05_3663344_18020:0.43380,
GH9_10_2527869_58580:0.52420);
