(
GH5_22_0_04358:0.47630,
GH9_03_2606882_89750:0.47630,
site_1:0.02370);
