(
GH5_11_1029836_111030:0.50362,
GH5_18_558318_19410:0.38028,
GH5_25_3953955_161040:0.38820);
